7070
387
5994
4155
7937
2354
9976
4183
8647
847
4730
6960
8484
314
3751
5801
8790
8123
8015
3279
6034
3234
1831
4244
3908
4835
458
4466
89
5732
8299
8529
7034
4382
1160
5748
1018
1609
3186
7606
5490
6655
4857
8128
9459
8204
9400
7751
4095
160
6104
327
9602
4153
8411
2325
4119
8574
8618
8179
4377
9496
2799
1472
2576
5353
999
8858
651
4706
5328
2847
5958
8156
3916
2563
5399
5068
534
802
2973
2292
5527
2138
3281
8892
52
4611
8519
7843
5450
2476
5673
5090
2769
4790
5753
5812
2277
9659
3211
1427
4828
7840
3643
795
3937
1979
8515
9065
5975
428
9127
9903
6540
3757
2330
9603
650
5327
6462
3175
7255
4872
8234
8420
7120
6637
9499
8639
556
4151
2201
6300
2884
4076
465
5940
2933
9875
7013
4081
5664
1709
6664
7521
1214
9058
7628
5318
9391
5488
3655
4065
5783
6596
7689
661
9000
7889
3363
411
2092
5595
2059
6909
6352
7514
2775
2945
127
4741
4074
8572
4920
1445
5534
2577
6521
6515
6071
9401
6744
9404
1123
2581
3305
7622
4287
4615
8096
4780
2274
3540
8293
6404
8023
9232
8880
8216
5867
5158
2547
2340
1182
488
6975
9691
4984
2770
2256
9528
8461
3721
8521
1783
9678
4856
9117
2631
2298
4848
6097
2622
2124
7998
524
8913
5153
918
7174
8456
6017
6823
5049
2542
2920
4606
7379
6052
4140
7612
1578
1486
3203
4028
4439
2139
1944
3176
7285
1234
1404
9913
8837
9054
729
6905
5359
4449
9179
3323
2429
7800
6092
3992
1370
1068
3935
9847
5416
5420
6778
4698
1358
6532
8650
5836
6162
9583
7729
1371
4002
7893
559
2528
6413
359
3597
8035
7465
7048
5011
8903
3959
3641
6262
7954
8775
82
4710
8617
6833
1388
3151
273
5277
3876
8565
3383
5546
8472
3520
744
6704
1552
2488
9230
3982
1635
9812
9237
6248
6950
8656
4963
4943
5874
8841
3335
9236
3888
5372
5135
8811
6949
6143
4475
7496
8357
8291
4650
2531
6247
8047
9471
4522
7615
1031
2352
2515
5886
378
5072
2574
6787
8212
6698
8513
2299
5169
4023
4661
6078
9336
577
9924
4107
4086
1401
4035
8634
1790
6841
9287
6966
5057
8743
4989
1972
1185
5043
3649
4418
9804
7486
9974
2149
7913
8393
383
4675
425
5021
5996
3836
8158
4739
8000
2338
2356
6109
6871
1881
2024
207
2994
5500
9362
165
5523
8788
4477
4085
2621
1766
9325
2656
4974
7858
3097
648
8013
8559
8315
7455
5398
3069
3380
7856
2443
1568
6535
5863
2114
923
3671
8727
2625
9788
8556
2985
4128
9910
1403
3863
4565
4373
6866
9022
6955
8266
8351
8657
1265
223
98
9789
9241
8566
3022
861
3712
5948
6419
179
2640
9495
221
9193
5441
2398
1607
6383
9698
5701
4032
2733
2062
4796
8771
7458
1808
5085
6002
7328
988
7076
5751
2659
6686
4994
9867
3154
1354
9727
3989
6514
5160
190
